; All frequency values are in Hz.
; Fs = 44100;   Sampling Frequency
; N     = 150;    Order
; Fpass = 500;    Passband Frequency
; Fstop = 1000;   Stopband Frequency
; Wpass = 1;      Passband Weight
; Wstop = 1;      Stopband Weight
;Coeficientes simétricos 
;Filtro Parks McClellan(Least_squares) Pasa bajas
Radix = 10;
Coefdata = 0.000889037068209494, 0.000994820349170665,
           0.00109422304174073,  0.00118459752359837,  0.00126323859020978,
           0.00132742795131807,  0.00137448169889069,  0.00140180010767635,
           0.00140691906383388,  0.00138756236066045,  0.00134169405448786,
           0.00126757003941534,  0.00116378797762224,  0.00102933471328991,
           0.000863630303195223, 0.000666567816142845, 0.000438548086680567,
           0.000180508655864369,-0.000106053807152788,-0.000419068234833236,
          -0.000755881588015526,-0.00111325942785412, -0.00148739497345126,
          -0.00187392686951003, -0.00226796576518588, -0.00266412967694371,
          -0.00305658797651038, -0.00343911371191232, -0.00380514383713531,
          -0.00414784679620136, -0.00446019678248786, -0.00473505387595014,
          -0.00496524915151271, -0.0051436737531372,  -0.00526337084169235,
          -0.00531762925232388, -0.00530007763994079, -0.00520477785088206,
          -0.00502631623574806, -0.0047598916134715,  -0.00440139861038841,
          -0.00394750513050154, -0.00339572276417189, -0.00274446901170685,
          -0.00199312028503365, -0.00114205475387134, -0.000192684221299965,
           0.000852525654123747, 0.00199004732826166,  0.00321529591744997,
           0.00452264654244853,  0.00590546452384457,  0.00735614831090969,
           0.00886618485340459,  0.010426216954865,    0.0120261219789791,
           0.0136551011202386,   0.0153017782984988,   0.0169543075966983,
           0.0186004880338984,   0.02022788435396,     0.0218239524153323,
           0.0233761676910908,   0.0248721553317737,   0.0262998202077046,
           0.0276474753330012,   0.028903967080734,    0.0300587956277275,
           0.0311022291180325,   0.0320254101055196,   0.032820452927461,
           0.0334805307711585,   0.0339999513231715,   0.0343742200337382,
           0.0346000901856073,   0.0346755991245149,   0.0346000901856073,
           0.0343742200337382,   0.0339999513231715,   0.0334805307711585,
           0.032820452927461,    0.0320254101055196,   0.0311022291180325,
           0.0300587956277275,   0.028903967080734,    0.0276474753330012,
           0.0262998202077046,   0.0248721553317737,   0.0233761676910908,
           0.0218239524153323,   0.02022788435396,     0.0186004880338984,
           0.0169543075966983,   0.0153017782984988,   0.0136551011202386,
           0.0120261219789791,   0.010426216954865,    0.00886618485340459,
           0.00735614831090969,  0.00590546452384457,  0.00452264654244853,
           0.00321529591744997,  0.00199004732826166,  0.000852525654123747,
          -0.000192684221299965,-0.00114205475387134, -0.00199312028503365,
          -0.00274446901170685, -0.00339572276417189, -0.00394750513050154,
          -0.00440139861038841, -0.0047598916134715,  -0.00502631623574806,
          -0.00520477785088206, -0.00530007763994079, -0.00531762925232388,
          -0.00526337084169235, -0.0051436737531372,  -0.00496524915151271,
          -0.00473505387595014, -0.00446019678248786, -0.00414784679620136,
          -0.00380514383713531, -0.00343911371191232, -0.00305658797651038,
          -0.00266412967694371, -0.00226796576518588, -0.00187392686951003,
          -0.00148739497345126, -0.00111325942785412, -0.000755881588015526,
          -0.000419068234833236,-0.000106053807152788, 0.000180508655864369,
           0.000438548086680567, 0.000666567816142845, 0.000863630303195223,
           0.00102933471328991,  0.00116378797762224,  0.00126757003941534,
           0.00134169405448786,  0.00138756236066045,  0.00140691906383388,
           0.00140180010767635,  0.00137448169889069,  0.00132742795131807,
           0.00126323859020978,  0.00118459752359837,  0.00109422304174073,
           0.000994820349170665, 0.000889037068209494;


; All frequency values are in Hz.
; Fs = 44100;   Sampling Frequency
; N     = 120;     Order
; Fstop = 2500;    Stopband Frequency
; Fpass = 2900;    Passband Frequency
; Wstop = 1000;   Stopband Weight
; Wpass = 1;      Passband Weight
;Coeficientes simétricos
;Filtro Parks McClellan(Least_squares) Pasa altas
Radix=10;
Coefdata=
    -0.00529370066315297 ,-0.00177695067559575 ,
     0.00126139342206166 , 0.0033555730899625  , 0.00425724752436514  ,
     0.00395096105868528 , 0.00263482247340417 , 0.000670640378133164 ,
    -0.00148797665599826 ,-0.00337804142506801 ,-0.00460730461109201  ,
    -0.00491981427178832 ,-0.00423704865042749 ,-0.00266860015202168  ,
    -0.000491137161962137, 0.00190068396062045 , 0.00406328544475169  ,
     0.00558196224253659 , 0.0061446916628528  , 0.00559975166314779  ,
     0.00398736587291867 , 0.00153959765600666 ,-0.00135229003607892  ,
    -0.00419856175017485 ,-0.00649071802877463 ,-0.00778773439378219  ,
    -0.00779490537248716 ,-0.00642204971926442 ,-0.00381063196689851  ,
    -0.000323905720492357, 0.00350016146658264 , 0.00702750115189956  ,
     0.00962713450291877 , 0.0107761802423189  , 0.0101542442321327   ,
     0.00771154533539709 , 0.00369836926021164 ,-0.00135126499588311  ,
    -0.00668220804956376 ,-0.0114205036375615  ,-0.0147024936377863   ,
    -0.0158129959449449  ,-0.0143124734718311  ,-0.010133585725904    ,
    -0.00363088102821617 , 0.00442672717182065 , 0.0129234066490882   ,
     0.0205181032034301  , 0.025806881139511   , 0.0275059565957613   ,
     0.0246316719214532  , 0.0166530189632439  , 0.00359502565243153  ,
    -0.0139229075490892  ,-0.0347215154506285  ,-0.0571674102028873   ,
    -0.0793390213314576  ,-0.0992335370092694  ,-0.114989888712095    ,
    -0.125100277558943   , 0.871416200977601   ,-0.125100277558943    ,
    -0.114989888712095   ,-0.0992335370092694  ,-0.0793390213314576   ,
    -0.0571674102028873  ,-0.0347215154506285  ,-0.0139229075490892   ,
     0.00359502565243153 , 0.0166530189632439  , 0.0246316719214532   ,
     0.0275059565957613  , 0.025806881139511   , 0.0205181032034301   ,
     0.0129234066490882  , 0.00442672717182065 ,-0.00363088102821617  ,
    -0.010133585725904   ,-0.0143124734718311  ,-0.0158129959449449   ,
    -0.0147024936377863  ,-0.0114205036375615  ,-0.00668220804956376  ,
    -0.00135126499588311 , 0.00369836926021164 , 0.00771154533539709  ,
     0.0101542442321327  , 0.0107761802423189  , 0.00962713450291877  ,
     0.00702750115189956 , 0.00350016146658264 ,-0.000323905720492357 ,
    -0.00381063196689851 ,-0.00642204971926442 ,-0.00779490537248716  ,
    -0.00778773439378219 ,-0.00649071802877463 ,-0.00419856175017485  ,
    -0.00135229003607892 , 0.00153959765600666 , 0.00398736587291867  ,
     0.00559975166314779 , 0.0061446916628528  , 0.00558196224253659  ,
     0.00406328544475169 , 0.00190068396062045 ,-0.000491137161962137 ,
    -0.00266860015202168 ,-0.00423704865042749 ,-0.00491981427178832  ,
    -0.00460730461109201 ,-0.00337804142506801 ,-0.00148797665599826  ,
     0.000670640378133164, 0.00263482247340417 , 0.00395096105868528  ,
     0.00425724752436514 , 0.0033555730899625  , 0.00126139342206166  ,
    -0.00177695067559575 ,-0.00529370066315297;



; All frequency values are in Hz.
; Fs = 44100;   Sampling Frequency 
; N     = 150;     Order
; Fstop1 = 200;    Stopband1 Frequency
; Fstop2 = 3000;    Stopband2 Frequency
; Fpass1 = 600;    Passband1 Frequency
; Fpass2 = 3400;    Passband2 Frequency
; Wstop1 = 1000;   Stopband1 Weight
; Wpass = 10;      Passband Weight
; Wstop2 = 1000;   Stopband2 Weight
;Coeficientes simétricos
;Filtro Parks McClellan(Least_squares) Pasa banda
Radix = 10;
Coefdata = 
      -0.000177071415579595 ,-0.000329543979261932 ,
      -0.000466535187537701 ,-0.000530139086157023 ,-0.000453940155425052 ,
      -0.000175359051024801 , 0.000349636045044489 , 0.00113221282796679 ,
       0.00213996205817377  , 0.00329281151875938  , 0.00446770982242313,
       0.00551273499622154  , 0.00626941731798945  , 0.00660016808746397 ,
       0.00641617481838178  , 0.00570033260012937  , 0.00451999685520448 ,
       0.00302565243075615  , 0.00143386835702279  ,-0.00000419877035505797 ,
      -0.00104449108362635  ,-0.00149515497023482  ,-0.00125683894375604 ,
      -0.000349963317049618 , 0.00107763087186246  , 0.00276614770494009,
       0.00438180375230197  , 0.00557227774192463  , 0.00603075826006704 ,
       0.00555719438347066  , 0.00410481961950247  , 0.00180175081654551 ,
      -0.00105866962657702  ,-0.00405967951991607  ,-0.00672984718770901 ,
      -0.0086279407805778   ,-0.00942907207255813  ,-0.00899576770718277 ,
      -0.00741913505414973  ,-0.00501977752337189  ,-0.00230495428596717 ,
       0.000113451632345779 , 0.00162774245653896  , 0.00175146286040675 ,
       0.000223098296127126 ,-0.00292441340122303  ,-0.00734440070927841 ,
      -0.0124152610538632   ,-0.0173348913069866   ,-0.0212576371624179 ,
      -0.0234516225408845   ,-0.0234487132968288   ,-0.0211584723412584 ,
      -0.0169217773153432   ,-0.0114888713032557   ,-0.00591917041831427 ,
      -0.00141411299560677  , 0.000892725414674482 , 0.000154500104998729 ,
      -0.00399899946871575  ,-0.0113361517389825   ,-0.0209901470360669 ,
      -0.0315307485545483   ,-0.0411374489357      ,-0.0478529448415397 ,
      -0.0498811015236689   ,-0.0458840792254911   ,-0.0352308917900886 ,
      -0.0181550676333197   , 0.00420831913031883  , 0.0299180298053589 ,
       0.0564457407587007   , 0.0809903758372035   , 0.100843539569612 ,
       0.113752876255729    , 0.118229432973136    , 0.113752876255729 , 
       0.100843539569612    , 0.0809903758372035   , 0.0564457407587007, 
       0.0299180298053589   , 0.00420831913031883  ,-0.0181550676333197,
      -0.0352308917900886   ,-0.0458840792254911   ,-0.0498811015236689, 
      -0.0478529448415397   ,-0.0411374489357      ,-0.0315307485545483 ,
      -0.0209901470360669   ,-0.0113361517389825   ,-0.00399899946871575,
       0.000154500104998729 , 0.000892725414674482 ,-0.00141411299560677, 
      -0.00591917041831427  ,-0.0114888713032557   ,-0.0169217773153432 ,
      -0.0211584723412584   ,-0.0234487132968288   ,-0.0234516225408845,
      -0.0212576371624179   ,-0.0173348913069866   ,-0.0124152610538632 ,
      -0.00734440070927841  ,-0.00292441340122303  , 0.000223098296127126,
       0.00175146286040675  , 0.00162774245653896  , 0.000113451632345779, 
      -0.00230495428596717  ,-0.00501977752337189  ,-0.00741913505414973,
      -0.00899576770718277  ,-0.00942907207255813  ,-0.0086279407805778 ,
      -0.00672984718770901  ,-0.00405967951991607  ,-0.00105866962657702, 
       0.00180175081654551  , 0.00410481961950247  , 0.00555719438347066,
       0.00603075826006704  , 0.00557227774192463  , 0.00438180375230197, 
       0.00276614770494009  , 0.00107763087186246  ,-0.000349963317049618,
      -0.00125683894375604  ,-0.00149515497023482  ,-0.00104449108362635,
      -0.00000419877035505797,0.00143386835702279  , 0.00302565243075615, 
       0.00451999685520448  , 0.00570033260012937  , 0.00641617481838178,
       0.00660016808746397  , 0.00626941731798945  , 0.00551273499622154,
       0.00446770982242313  , 0.00329281151875938  , 0.00213996205817377, 
       0.00113221282796679  , 0.000349636045044489 ,-0.000175359051024801,
      -0.000453940155425052 ,-0.000530139086157023 ,-0.000466535187537701, 
      -0.000329543979261932 ,-0.000177071415579595;